0.294347	0.142300	0.222222	0.341131	
0.155945	0.153996	0.185185	0.504873	
0.159844	0.155945	0.179337	0.504873	
0.144250	0.136452	0.126706	0.592593	
0.089669	0.101365	0.064327	0.744639	
0.013645	0.875244	0.005848	0.105263	
0.001949	0.922027	0.001949	0.074074	
0.007797	0.029240	0.001949	0.961014	
0.007797	0.011696	0.027290	0.953216	
0.703704	0.019493	0.237817	0.038986	
0.916179	0.007797	0.062378	0.013645	
0.021442	0.777778	0.017544	0.183236	
0.228070	0.206628	0.111111	0.454191	
